2018 04 03 0.0 0.0 0.0 0.0 18
2018 04 04 15.0 4.0 15.0 4.0 19
2018 04 05 13.0 7.0 28.0 11.0 20
2018 04 06 12.6 18.9 40.6 29.9 20
2018 04 07 12.6 18.9 53.2 48.8 20
2018 04 08 12.6 18.9 65.8 67.7 20
2018 04 09 12.6 18.9 78.4 86.6 20
2018 04 10 12.6 18.9 91.0 105.5 20
2018 04 11 12.6 18.9 103.6 124.4 20
2018 04 12 12.6 18.9 116.2 143.3 20
2018 04 13 12.6 18.9 128.8 162.2 20
2018 04 14 12.6 18.9 141.4 181.1 20
2018 04 15 12.6 18.9 154.0 200.0 20
2018 04 16 12.6 18.9 166.6 218.9 20
2018 05 31 9.6 14.4 176.2 233.3 20